mae: 1.341885328189036
mse: 3.019033129637246
bias: 0.03165985636057543
mape: 0.48548233584282124
median_ape: 0.30979019049734297
mpe: 0.2898109531679141
rmse: 1.7375365117421981
